#   1 XWIN_IMAGE             Windowed position estimate along x                         [pixel]
#   2 YWIN_IMAGE             Windowed position estimate along y                         [pixel]
#   3 MAG_ISO                Isophotal magnitude                                        [mag]
#   4 FLUX_ISO               Isophotal flux                                             [count]
#   5 FWHM_IMAGE             FWHM assuming a gaussian core                              [pixel]
#   6 BACKGROUND             Background at centroid position                            [count]
#   7 ELLIPTICITY            1 - B_IMAGE/A_IMAGE                                       
#   8 FLAGS                  Extraction flags                                          
#   9 FLAGS_WIN              Flags for WINdowed parameters                             
    86.376    117.516  18.8203     296.4052     2.01   -0.1179929    0.120   0   2
    87.565     35.395  19.2290     203.4203     6.46    -0.113136    0.342   0   2
   131.116    106.633  19.4453     166.6861     1.28   -0.1130732    0.007   0   3
   128.029    115.922  20.2851     76.90621     2.25   -0.1134888    0.353   2   3
   221.082    141.460  20.4812     64.19891     1.27   -0.1103172    0.035   0   2
   249.853     46.945  20.6209      56.4473     1.39   -0.1061278    0.089  18   3
   144.996    240.975  20.9034     43.51685     0.98   -0.1162174    0.142   0   2
   105.305    149.589  21.0135     39.31935    15.66   -0.1151234    0.410   3   2
   181.010     96.077  21.1390     35.02766     0.86   -0.1101175    0.017   0   2
   117.998    157.200  21.1963     33.22598     1.60   -0.1148159    0.168   0   2
    45.149     49.283  21.2232     32.41415     1.35   -0.1233175    0.142   0   2
   206.154      3.640  21.2308     32.18694     1.01   -0.1068599    0.043  19   2
   196.000    199.975  21.3646     28.45619     0.69   -0.1136599    0.245   0   2
   103.836    214.942  21.3724     28.25203     1.61   -0.1184813    0.263   0   3
   252.034    193.953  21.6711     21.45661     0.00   -0.1120734    0.549  24   2
   103.062    150.489  21.7699     19.59029    13.60    -0.114914    0.369   3   2
    23.722     63.633  21.7778     19.44876     1.86   -0.1296662    0.048   0   2
   201.173      5.070  21.7828     19.35811     1.19   -0.1071359    0.064  19   2
   213.625    211.438  21.8257     18.60854     2.08   -0.1138644    0.088   0   3
   121.133    246.065  21.8430     18.31463     1.06   -0.1186971    0.072   0   2
   230.196     83.938  21.8746     17.78892     1.14   -0.1081087    0.109   0   2
   233.036      7.106  21.9359     16.81314     3.12   -0.1056314    0.331  16   2
    34.685    101.911  21.9883     16.02023     1.49   -0.1309432    0.102   0   3
    64.951    232.945  22.0003     15.84463     3.71   -0.1270956    0.448   2   2
   201.123    121.139  22.0104      15.6985     0.22   -0.1104186    0.500   0   2
    74.062    144.971  22.0978     14.48401     0.90   -0.1213825    0.142   0   3
   190.049    146.978  22.1121     14.29433     0.00   -0.1119496    0.051   0   3
    86.850     77.884  22.1282     14.08402     1.41   -0.1162627    0.089   0   2
   225.697    168.969  22.1301     14.05934     1.87   -0.1112325    0.215   0   3
   250.890    127.792  22.1352      13.9929     4.13   -0.1086766    0.496  16   2
   207.909    133.064  22.1471     13.84079     3.62   -0.1106322    0.438   2   3
   201.277     96.502  22.1621     13.65105     6.39   -0.1094477    0.528   0   2
   177.168    228.070  22.1694     13.55897     1.10   -0.1146331    0.053   0   2
    46.001    173.724  22.2474     12.61898     1.44   -0.1294738    0.035   0   2
   105.302    149.634  22.2538     12.54555     3.56   -0.1150465    0.202   3   2
    94.958    102.998  22.2622     12.44811     1.26   -0.1155751    0.113   0   2
    12.243      7.117  22.2711     12.34664     1.75   -0.1249589    0.137  16   2
    51.983    109.022  22.2998     12.02536     1.02   -0.1266928    0.090   0   2
    31.964    143.964  22.3123     11.88721     1.24   -0.1325354    0.159   0   2
   176.983    242.051  22.3562     11.41637     1.07   -0.1149358    0.099   0   2
   137.021      9.033  22.4132     10.83276     1.04   -0.1093649    0.265   0   3
   191.356    242.523  22.4146     10.81832     2.56   -0.1151525    0.202   0   2
   197.869     54.438  22.5107     9.901748     1.64    -0.108504    0.090   0   2
    71.018    123.978  22.5635     9.432317     4.26   -0.1219552    0.011   0   2
   108.151    165.973  22.5648     9.420362     0.68   -0.1153933    0.121   0   2
   112.305     49.956  22.6583     8.643288     1.14   -0.1116325    0.199   0   2
   150.002    228.996  22.7016     8.305404     4.20   -0.1155178    0.002   0   2
   111.020    187.064  22.8140     7.488568     1.37   -0.1164617    0.134   0   2
   216.029     11.271  22.8181     7.460291     3.34   -0.1065836    0.204   0   2
    68.011     96.992  22.8336     7.354692     4.19   -0.1224308    0.001   0   3
   137.424     96.852  22.8586     7.187303     1.43    -0.112391    0.206   0   2
    46.996    209.001  22.8705     7.108942     4.18   -0.1302637    0.002   0   3
    63.799    228.716  22.8923     6.967706     1.73    -0.127141    0.105   3   3
   131.007    130.006  22.9079     6.867855     0.00   -0.1137307    0.006   0   2
   223.982     88.999  22.9428     6.651019     4.19   -0.1084705    0.005   0   2
    95.012    250.412  22.9453     6.635341     1.64   -0.1217339    0.185  16   3
   250.365    120.098  23.0277     6.150637     2.21   -0.1084609    0.101  16   2
    64.007    166.992  23.0277     6.150815    -4.75   -0.1244958    0.008   0   2
   159.995      9.021  23.0341     6.114356     4.22   -0.1092128    0.018   0   2
    49.995    180.010  23.0474     6.039874     0.00   -0.1286273    0.001   0   3
   105.196     54.003  23.1012     5.748295     3.66   -0.1120966    0.481   0   2
   190.155    109.087  23.1064     5.720723     1.16   -0.1103459    0.180   0   3
   170.144    176.719  23.1366     5.563769     1.20   -0.1137909    0.106   0   3
    74.737     76.805  23.1431     5.530325     5.80   -0.1190587    0.374   2   2
   156.155     29.505  23.1627      5.43134     1.35   -0.1096918    0.099   0   2
   195.052     47.184  23.1846     5.322848     1.46    -0.108457    0.118   0   2
   128.005    204.007  23.2537      4.99501     0.00   -0.1163642    0.003   0   3
    40.966    137.010  23.2773     4.887591     1.22   -0.1300204    0.014   0   3
   211.007    134.001  23.3143     4.723792     0.94   -0.1105041    0.180   3   2
    72.032    240.049  23.3340     4.638836     1.47   -0.1259241    0.011   0   2
   213.045      5.691  23.3347     4.635597     1.29   -0.1065642    0.145  16   2
    39.000     89.006  23.3446     4.593865     0.00   -0.1289591    0.002   0   2
   197.331     19.160  23.3644     4.510799     2.84   -0.1076812    0.202   0   3
    46.597      9.131  23.3732     4.474095     3.97   -0.1188004    0.318   0   2
   167.083     30.026  23.3744     4.469163     1.04   -0.1093153    0.160   0   2
    30.997    206.983  23.3988     4.370031     0.00   -0.1339696    0.013   0   3
     9.036    248.105  23.4164     4.299662     1.04   -0.1392164    0.087   0   3
   203.189     71.374  23.4174     4.295589     1.54   -0.1087366    0.178   0   2
    21.948    195.007  23.4242     4.268792     1.33   -0.1359516    0.015   0   3
   131.047     91.416  23.4339     4.230922     1.45   -0.1125567    0.084   0   2
   183.394     91.004  23.4408      4.20426     1.19   -0.1099398    0.193   0   3
   131.993    143.991  23.4448     4.188692     1.19   -0.1140978    0.011   0   2
   178.965    216.792  23.4500     4.168762     1.21   -0.1143829    0.097   0   2
   144.501    188.373  23.4526     4.158596     2.07   -0.1149595    0.200   0   3
   133.457    251.163  23.4708     4.089435     1.97   -0.1175867    0.217  16   2
   219.974     62.001  23.4730     4.081184     3.41   -0.1078309    0.019   0   2
   186.769     47.732  23.5041     3.965905     3.44   -0.1088381    0.601   0   2
    53.741    199.078  23.5077     3.952942     1.37   -0.1282744    0.110   0   3
   194.055    119.345  23.5132     3.933126     3.71   -0.1106535    0.650   0   2
   225.045    187.981  23.5150     3.926364     1.08   -0.1123929    0.010   0   2
   227.294      5.047  23.5433     3.825564     1.11   -0.1058375    0.184  16   2
    35.004     31.966  23.5605     3.765214     1.16   -0.1235751    0.035   0   3
   121.723    114.145  23.5674     3.741561     2.68   -0.1137609    0.415   3   2
   227.422    119.298  23.5845     3.682863     4.62   -0.1093615    0.400   0   2
   204.997    185.008  23.6036     3.618802     0.00   -0.1128361    0.002   0   2
   106.098      6.557  23.6176     3.572533     1.40   -0.1094591    0.089   0   2
   117.017    173.979  23.6515     3.462479     0.00   -0.1155538    0.019   0   2
    85.494    157.000  23.6904     3.340594     1.66   -0.1182782    0.081   0   2
   151.997    177.014  23.6928      3.33332     4.20   -0.1144478    0.005   0   2
   104.285    194.604  23.6933     3.331787     1.72   -0.1172631    0.111   0   2
   233.118    234.972  23.7083     3.286233     0.85   -0.1152182    0.059   0   2
   240.010     17.478  23.7813     3.072283     1.46   -0.1055777    0.094   0   2
   246.451     50.234  23.7965     3.029678     0.58   -0.1063978    0.077   3   2
   106.922     81.210  23.8122     2.986322     1.46   -0.1134983    0.080   0   2
     2.005     24.999  23.8141     2.981122     3.39   -0.1292748    0.000  24   3
    79.539    111.368  23.8329     2.929857     2.17   -0.1197496    0.128   0   2
   145.410    131.027  23.8354     2.923053     4.21   -0.1131251    0.161   0   3
   193.938     39.991  23.8412      2.90743     0.00   -0.1083304    0.024   0   3
    80.968    153.097  23.8441     2.899753     1.11   -0.1195881    0.184   0   2
   135.050     61.031  23.8525     2.877373     3.29   -0.1111947    0.681   0   2
    70.876     38.003  23.8680     2.836683     1.48   -0.1167931    0.063   0   2
    70.455     77.807  23.8757     2.816569     2.36   -0.1203361    0.157   2   2
    28.071    254.005  23.8777     2.811296     0.88   -0.1354199    0.045  16   2
   133.923    215.997  23.8999     2.754569     1.03    -0.116407    0.030   0   2
   157.084    164.685  23.9004     2.753228     1.40   -0.1141145    0.093   0   2
    24.855    152.990  23.9022     2.748771     3.87   -0.1345867    0.035   0   3
    57.001     16.000  23.9051     2.741448     0.00    -0.117624    0.001   0   2
   214.005    130.016  23.9079     2.734164    -6.76   -0.1102315    0.009   0   2
   249.142    180.110  23.9088     2.731952     1.63   -0.1110861    0.153   0   2
   175.182    168.774  23.9161     2.713777     1.77   -0.1134445    0.148   0   2
    99.951    228.985  23.9183     2.708087     0.94   -0.1196659    0.030   0   2
    16.759    156.982  23.9444     2.643817     1.35   -0.1368214    0.059   0   2
    74.026     96.016  23.9593     2.607724     0.00   -0.1208202    0.218   0   2
    89.995    155.017  23.9740      2.57278     0.00   -0.1171904    0.014   0   2
   111.149    253.593  23.9988      2.51473     1.33   -0.1201174    0.325  16   2
   163.362    108.609  24.0158     2.475494     3.60   -0.1113276    0.510   0   2
    55.190    237.149  24.0332     2.436247     3.40   -0.1293994    0.441   0   2
   155.289     92.101  24.0341     2.434205     1.26   -0.1110907    0.327   0   3
   231.990    162.025  24.0410     2.418818     0.00   -0.1105227    0.037   0   3
    10.021    168.999  24.0910     2.309974     3.41   -0.1388204    0.031   0   3
   210.972     37.048  24.1241     2.240535     0.98   -0.1075073    0.204   0   2
   168.450    130.500  24.1281     2.232313     3.69   -0.1121972    0.568   0   2
    79.892    187.737  24.2063      2.07723     1.66   -0.1213992    0.354   0   2
   188.016    231.999  24.2127     2.064997     3.41   -0.1147792    0.014   0   3
   117.999    229.007  24.2353     2.022483     0.00   -0.1181726    0.018   0   3
   131.970     39.000  24.2386      2.01625     1.32   -0.1105309    0.031   0   2
   128.385     80.273  24.2927     1.918391     2.43   -0.1122975    0.372   0   2
   242.088    174.752  24.3025     1.901031     1.24   -0.1109703    0.347   0   2
    99.984     53.014  24.3043     1.897999     1.11   -0.1122223    0.020   0   2
   253.256    141.801  24.3286     1.856004     3.43   -0.1089198    0.445  16   2
   190.983    195.982  24.3344     1.846037     1.14   -0.1136269    0.013   0   2
    46.012    158.010  24.4378     1.678375     0.00   -0.1290443    0.009   0   2
   229.998    108.986  24.4567     1.649307     0.00   -0.1088916    0.007   0   2
