-8.508611639305743e-05
-7.270871510369772e-08
-5.610291998443082e-08
8.50736129978999e-05
2089.036174403388
-79.2044974000315
-8.50969832357007e-05
1.2352332020692828e-07
1.2090116200074582e-07
8.509035717744638e-05
-95.08646924785917
-70.37480336818672
-8.508449492639808e-05
6.151137678173114e-08
5.677516671355493e-08
8.508549996784705e-05
2092.9964004620383
2113.2232372054914
-8.505730061720891e-05
1.4048629120244948e-07
1.4209081066361969e-07
8.504221397070879e-05
-97.7139779545247
2125.9514937698295
294.59380255129963
35.1184575966302
