SPITZER_I2_39526912_0001_0000_2_clean.fits 102.155 105.615 277.129507 26.843772
SPITZER_I2_39526912_0002_0000_2_clean.fits  96.849 117.298 277.129654 26.843828
SPITZER_I2_39526912_0003_0000_2_clean.fits  95.416 129.953 277.129624 26.843831
SPITZER_I2_39526912_0004_0000_2_clean.fits  96.923 141.891 277.129629 26.843874
SPITZER_I2_39526912_0005_0000_2_clean.fits 102.584 153.366 277.129647 26.843864
SPITZER_I2_39526912_0006_0000_2_clean.fits 114.289 151.293 277.129694 26.843817
SPITZER_I2_39526912_0007_0000_2_clean.fits 125.669 146.703 277.129647 26.843848
SPITZER_I2_39526912_0008_0000_2_clean.fits 136.116 138.658 277.129617 26.843838
SPITZER_I2_39526912_0009_0000_2_clean.fits 142.606 128.982 277.129645 26.843858
SPITZER_I2_39526912_0010_0000_2_clean.fits 136.100 120.057 277.129647 26.843822
SPITZER_I2_39526912_0011_0000_2_clean.fits 125.463 111.507 277.129653 26.843846
SPITZER_I2_39526912_0012_0000_2_clean.fits 113.890 106.615 277.129645 26.843820
SPITZER_I2_41027328_0001_0000_2_clean.fits 188.177 116.687 277.129714 26.843862
SPITZER_I2_41027328_0002_0000_2_clean.fits 138.419 118.502 277.129713 26.843851
SPITZER_I2_41027328_0003_0000_2_clean.fits 169.955 105.258 277.129719 26.843873
SPITZER_I2_41027328_0004_0000_2_clean.fits 141.313 110.949 277.129721 26.843850
SPITZER_I2_41027328_0005_0000_2_clean.fits  98.626 113.203 277.129701 26.843860
SPITZER_I2_44584960_0001_0000_2_clean.fits 198.107 117.361 277.130267 26.843921
SPITZER_I2_44584960_0002_0000_2_clean.fits 148.474 119.277 277.130251 26.843936
SPITZER_I2_44584960_0003_0000_2_clean.fits 180.139 106.024 277.130210 26.843925
SPITZER_I2_44584960_0004_0000_2_clean.fits 151.668 111.706 277.130214 26.843920
SPITZER_I2_44584960_0005_0000_2_clean.fits 109.117 113.955 277.130213 26.843909
SPITZER_I2_44586752_0001_0000_2_clean.fits 156.054 129.055 277.130029 26.843916
SPITZER_I2_44586752_0002_0000_2_clean.fits 106.351 130.926 277.130034 26.843896
SPITZER_I2_44586752_0003_0000_2_clean.fits 137.983 117.640 277.130020 26.843917
SPITZER_I2_44586752_0004_0000_2_clean.fits 109.365 123.357 277.130020 26.843916
SPITZER_I2_44586752_0005_0000_2_clean.fits  66.700 125.649 277.130024 26.843939
SPITZER_I2_46438912_0001_0000_2_clean.fits 159.135 143.581 277.130357 26.843946
SPITZER_I2_46438912_0002_0000_2_clean.fits 155.056 119.932 277.130353 26.843980
SPITZER_I2_46438912_0003_0000_2_clean.fits 115.795 159.039 277.130378 26.843978
SPITZER_I2_46438912_0004_0000_2_clean.fits 141.502  99.911 277.130357 26.843974
SPITZER_I2_46438912_0005_0000_2_clean.fits 109.898 136.560 277.130332 26.843975
SPITZER_I2_46438912_0006_0000_2_clean.fits 125.221 129.830 277.130353 26.843973
SPITZER_I2_46438912_0007_0000_2_clean.fits 140.719 145.440 277.130352 26.843984
SPITZER_I2_46438912_0008_0000_2_clean.fits 135.083 112.028 277.130368 26.843958
SPITZER_I2_46438912_0009_0000_2_clean.fits 127.106 115.367 277.130343 26.843973
SPITZER_I2_46439168_0001_0000_2_clean.fits 159.013 143.913 277.130342 26.843958
SPITZER_I2_46439168_0002_0000_2_clean.fits 154.905 120.185 277.130326 26.843969
SPITZER_I2_46439168_0003_0000_2_clean.fits 115.772 159.123 277.130299 26.844004
SPITZER_I2_46439168_0004_0000_2_clean.fits 141.381 100.172 277.130348 26.843959
SPITZER_I2_46439168_0005_0000_2_clean.fits 109.821 136.886 277.130347 26.843981
SPITZER_I2_46439168_0006_0000_2_clean.fits 125.144 130.066 277.130347 26.843966
SPITZER_I2_46439168_0007_0000_2_clean.fits 140.685 145.671 277.130353 26.843982
SPITZER_I2_46439168_0008_0000_2_clean.fits 135.130 112.165 277.130328 26.843965
SPITZER_I2_46439168_0009_0000_2_clean.fits 127.160 115.563 277.130338 26.843965
SPITZER_I2_46651136_0001_0000_2_clean.fits 159.685 138.434 277.130950 26.844037
SPITZER_I2_46651136_0002_0000_2_clean.fits 155.521 114.753 277.130939 26.844055
SPITZER_I2_46651136_0003_0000_2_clean.fits 116.181 154.263 277.130798 26.843988
SPITZER_I2_46651136_0004_0000_2_clean.fits 142.187  94.707 277.130995 26.844033
SPITZER_I2_46651136_0005_0000_2_clean.fits 110.446 131.503 277.130943 26.844055
SPITZER_I2_46651136_0006_0000_2_clean.fits 125.765 124.643 277.130944 26.844078
SPITZER_I2_46651136_0007_0000_2_clean.fits 141.283 140.324 277.130938 26.844067
SPITZER_I2_46651136_0008_0000_2_clean.fits 135.804 106.928 277.130958 26.844045
SPITZER_I2_46651136_0009_0000_2_clean.fits 127.777 110.301 277.130965 26.844057
SPITZER_I2_46651648_0001_0000_2_clean.fits 159.715 137.810 277.130910 26.844047
SPITZER_I2_46651648_0002_0000_2_clean.fits 155.560 114.017 277.130906 26.844056
SPITZER_I2_46651648_0003_0000_2_clean.fits 116.397 153.151 277.130959 26.844048
SPITZER_I2_46651648_0004_0000_2_clean.fits 142.070  94.118 277.130915 26.844040
SPITZER_I2_46651648_0005_0000_2_clean.fits 110.445 130.780 277.130932 26.844063
SPITZER_I2_46651648_0006_0000_2_clean.fits 125.942 123.990 277.130954 26.844027
SPITZER_I2_46651648_0007_0000_2_clean.fits 141.323 139.697 277.130917 26.844050
SPITZER_I2_46651648_0008_0000_2_clean.fits 135.809 106.260 277.130931 26.844041
SPITZER_I2_46651648_0009_0000_2_clean.fits 127.815 109.678 277.130939 26.844034
SPITZER_I2_46652160_0001_0000_2_clean.fits 158.829 137.872 277.130912 26.844032
SPITZER_I2_46652160_0002_0000_2_clean.fits 154.726 114.067 277.130912 26.844015
SPITZER_I2_46652160_0003_0000_2_clean.fits 115.394 153.136 277.130920 26.844049
SPITZER_I2_46652160_0004_0000_2_clean.fits 141.115  94.061 277.130905 26.844041
SPITZER_I2_46652160_0005_0000_2_clean.fits 109.545 130.830 277.130904 26.844038
SPITZER_I2_46652160_0006_0000_2_clean.fits 124.906 124.048 277.130894 26.844018
SPITZER_I2_46652160_0007_0000_2_clean.fits 140.368 139.644 277.130901 26.844034
SPITZER_I2_46652160_0008_0000_2_clean.fits 134.816 106.183 277.130909 26.844021
SPITZER_I2_46652160_0009_0000_2_clean.fits 126.778 109.654 277.130900 26.844021
SPITZER_I2_46655232_0001_0000_2_clean.fits 157.531 137.805 277.130869 26.844007
SPITZER_I2_46655232_0002_0000_2_clean.fits 153.477 114.053 277.130910 26.844023
SPITZER_I2_46655232_0003_0000_2_clean.fits 114.205 153.046 277.130903 26.844025
SPITZER_I2_46655232_0004_0000_2_clean.fits 139.977  94.026 277.130887 26.844037
SPITZER_I2_46655232_0005_0000_2_clean.fits 108.501 130.838 277.130892 26.844017
SPITZER_I2_46655232_0006_0000_2_clean.fits 123.901 124.079 277.130869 26.844018
SPITZER_I2_46655232_0007_0000_2_clean.fits 139.361 139.613 277.130912 26.844044
SPITZER_I2_46655232_0008_0000_2_clean.fits 133.954 106.134 277.130918 26.844018
SPITZER_I2_46655232_0009_0000_2_clean.fits 125.961 109.648 277.130891 26.844014
SPITZER_I2_46655744_0001_0000_2_clean.fits 158.533 144.819 277.130674 26.844009
SPITZER_I2_46655744_0002_0000_2_clean.fits 154.297 121.091 277.130688 26.843983
SPITZER_I2_46655744_0003_0000_2_clean.fits 115.398 160.438 277.130782 26.844103
SPITZER_I2_46655744_0004_0000_2_clean.fits 140.868 101.022 277.130672 26.844012
SPITZER_I2_46655744_0005_0000_2_clean.fits 109.298 137.845 277.130717 26.843996
SPITZER_I2_46655744_0006_0000_2_clean.fits 124.737 130.883 277.130662 26.844006
SPITZER_I2_46655744_0007_0000_2_clean.fits 140.249 146.544 277.130689 26.844016
SPITZER_I2_46655744_0008_0000_2_clean.fits 134.743 113.061 277.130674 26.844029
SPITZER_I2_46655744_0009_0000_2_clean.fits 126.671 116.479 277.130686 26.844010
SPITZER_I2_46656256_0001_0000_2_clean.fits 159.160 144.150 277.130626 26.844004
SPITZER_I2_46656256_0002_0000_2_clean.fits 155.147 120.526 277.130659 26.844027
SPITZER_I2_46656256_0003_0000_2_clean.fits 115.993 159.649 277.130683 26.844037
SPITZER_I2_46656256_0004_0000_2_clean.fits 141.707 100.573 277.130679 26.844007
SPITZER_I2_46656256_0005_0000_2_clean.fits 110.146 137.191 277.130635 26.844039
SPITZER_I2_46656256_0006_0000_2_clean.fits 125.465 130.385 277.130627 26.844022
SPITZER_I2_46656256_0007_0000_2_clean.fits 141.045 146.084 277.130671 26.844040
SPITZER_I2_46656256_0008_0000_2_clean.fits 135.404 112.576 277.130640 26.844017
SPITZER_I2_46656256_0009_0000_2_clean.fits 127.424 116.049 277.130659 26.844010
SPITZER_I2_46656768_0001_0000_2_clean.fits 160.275 143.632 277.130637 26.844020
SPITZER_I2_46656768_0002_0000_2_clean.fits 156.092 120.013 277.130658 26.844034
SPITZER_I2_46656768_0003_0000_2_clean.fits 116.903 159.072 277.130660 26.844048
SPITZER_I2_46656768_0004_0000_2_clean.fits 143.083 100.141 277.130808 26.844138
SPITZER_I2_46656768_0005_0000_2_clean.fits 110.943 136.700 277.130651 26.844033
SPITZER_I2_46656768_0006_0000_2_clean.fits 126.282 129.875 277.130637 26.844027
SPITZER_I2_46656768_0007_0000_2_clean.fits 141.790 145.520 277.130654 26.844040
SPITZER_I2_46656768_0008_0000_2_clean.fits 136.162 112.093 277.130644 26.844021
SPITZER_I2_46656768_0009_0000_2_clean.fits 128.076 115.604 277.130655 26.843980
SPITZER_I2_46657280_0001_0000_2_clean.fits 159.493 139.123 277.130602 26.843996
SPITZER_I2_46657280_0002_0000_2_clean.fits 155.557 115.268 277.130621 26.844002
SPITZER_I2_46657280_0003_0000_2_clean.fits 116.377 154.380 277.130623 26.844001
SPITZER_I2_46657280_0004_0000_2_clean.fits 142.129  95.336 277.130597 26.843986
SPITZER_I2_46657280_0005_0000_2_clean.fits 110.618 131.909 277.130629 26.844034
SPITZER_I2_46657280_0006_0000_2_clean.fits 126.082 125.178 277.130617 26.843985
SPITZER_I2_46657280_0007_0000_2_clean.fits 141.591 140.788 277.130611 26.844000
SPITZER_I2_46657280_0008_0000_2_clean.fits 136.093 107.374 277.130614 26.843986
SPITZER_I2_46657280_0009_0000_2_clean.fits 128.120 110.750 277.130612 26.843994
SPITZER_I2_46657792_0001_0000_3_clean.fits 157.907 139.321 277.130600 26.844005
SPITZER_I2_46657792_0002_0000_3_clean.fits 153.850 115.566 277.130599 26.843983
SPITZER_I2_46657792_0003_0000_3_clean.fits 114.701 154.573 277.130599 26.843974
SPITZER_I2_46657792_0004_0000_3_clean.fits 140.360  95.389 277.130605 26.843997
SPITZER_I2_46657792_0005_0000_3_clean.fits 108.791 132.112 277.130602 26.843995
SPITZER_I2_46657792_0006_0000_3_clean.fits 124.124 125.245 277.130622 26.843996
SPITZER_I2_46657792_0007_0000_3_clean.fits 139.645 140.895 277.130594 26.843977
SPITZER_I2_46657792_0008_0000_3_clean.fits 134.056 107.438 277.130589 26.843995
SPITZER_I2_46657792_0009_0000_3_clean.fits 126.047 110.825 277.130582 26.843996
SPITZER_I2_46658304_0001_0000_2_clean.fits 158.301 138.241 277.130600 26.843978
SPITZER_I2_46658304_0002_0000_2_clean.fits 154.121 114.577 277.130554 26.843985
SPITZER_I2_46658304_0003_0000_2_clean.fits 114.991 153.599 277.130579 26.843953
SPITZER_I2_46658304_0004_0000_2_clean.fits 140.709  94.508 277.130566 26.843965
SPITZER_I2_46658304_0005_0000_2_clean.fits 108.887 131.178 277.130580 26.844044
SPITZER_I2_46658304_0006_0000_2_clean.fits 124.416 124.375 277.130579 26.843990
SPITZER_I2_46658304_0007_0000_2_clean.fits 139.964 139.969 277.130573 26.843969
SPITZER_I2_46658304_0008_0000_2_clean.fits 134.399 106.480 277.130580 26.843972
SPITZER_I2_46658304_0009_0000_2_clean.fits 126.361 109.892 277.130578 26.843978
SPITZER_I2_61240320_0001_0000_1_clean.fits 163.234 134.857 277.132215 26.844253
SPITZER_I2_61240320_0002_0000_1_clean.fits 159.220 111.383 277.132159 26.844203
SPITZER_I2_61240320_0003_0000_1_clean.fits 119.923 150.226 277.132230 26.844268
SPITZER_I2_61240320_0004_0000_1_clean.fits 145.776  91.248 277.132233 26.844241
SPITZER_I2_61240320_0005_0000_1_clean.fits 114.081 127.913 277.132208 26.844272
SPITZER_I2_61240320_0006_0000_1_clean.fits 129.516 121.122 277.132240 26.844248
SPITZER_I2_61240320_0007_0000_1_clean.fits 145.078 136.782 277.132246 26.844228
SPITZER_I2_61240320_0008_0000_1_clean.fits 139.500 103.500 277.132219 26.844230
SPITZER_I2_61240320_0009_0000_1_clean.fits 131.536 106.945 277.132225 26.844239
SPITZER_I2_61240576_0001_0000_1_clean.fits 159.978 134.559 277.132221 26.844234
SPITZER_I2_61240576_0002_0000_1_clean.fits 155.615 111.032 277.132220 26.844244
SPITZER_I2_61240576_0003_0000_1_clean.fits 116.500 149.998 277.132211 26.844245
SPITZER_I2_61240576_0004_0000_1_clean.fits 142.203  90.873 277.132228 26.844241
SPITZER_I2_61240576_0005_0000_1_clean.fits 110.644 127.687 277.132202 26.844224
SPITZER_I2_61240576_0006_0000_1_clean.fits 125.966 120.868 277.132231 26.844216
SPITZER_I2_61240576_0007_0000_1_clean.fits 141.332 136.490 277.132201 26.844250
SPITZER_I2_61240576_0008_0000_1_clean.fits 135.931 103.082 277.132231 26.844213
SPITZER_I2_61240576_0009_0000_1_clean.fits 127.835 106.571 277.132204 26.844229
SPITZER_I2_61240832_0001_0000_1_clean.fits 157.660 134.195 277.132209 26.844208
SPITZER_I2_61240832_0002_0000_1_clean.fits 153.503 110.405 277.132183 26.844232
SPITZER_I2_61240832_0003_0000_1_clean.fits 114.217 149.509 277.132180 26.844216
SPITZER_I2_61240832_0004_0000_1_clean.fits 139.984  90.319 277.132187 26.844227
SPITZER_I2_61240832_0005_0000_1_clean.fits 108.523 126.928 277.132239 26.844194
SPITZER_I2_61240832_0006_0000_1_clean.fits 123.839 120.336 277.132167 26.844197
SPITZER_I2_61240832_0007_0000_1_clean.fits 139.187 136.047 277.132146 26.844234
SPITZER_I2_61240832_0008_0000_1_clean.fits 133.716 102.278 277.132194 26.844207
SPITZER_I2_61240832_0009_0000_1_clean.fits 125.685 105.765 277.132155 26.844221
SPITZER_I2_61241088_0001_0000_1_clean.fits 159.005 148.129 277.131968 26.844210
SPITZER_I2_61241088_0002_0000_1_clean.fits 154.809 124.413 277.131967 26.844204
SPITZER_I2_61241088_0003_0000_1_clean.fits 115.534 163.443 277.131964 26.844219
SPITZER_I2_61241088_0004_0000_1_clean.fits 141.193 104.386 277.131953 26.844202
SPITZER_I2_61241088_0005_0000_1_clean.fits 109.649 141.210 277.131969 26.844210
SPITZER_I2_61241088_0006_0000_1_clean.fits 125.029 134.459 277.131972 26.844220
SPITZER_I2_61241088_0007_0000_1_clean.fits 140.503 149.965 277.131936 26.844221
SPITZER_I2_61241088_0008_0000_1_clean.fits 134.715 116.498 277.131970 26.844193
SPITZER_I2_61241088_0009_0000_1_clean.fits 126.632 119.744 277.131960 26.844213
SPITZER_I2_61241344_0001_0000_1_clean.fits 161.189 147.902 277.131986 26.844213
SPITZER_I2_61241344_0002_0000_1_clean.fits 156.987 124.181 277.131965 26.844216
SPITZER_I2_61241344_0003_0000_1_clean.fits 117.830 163.152 277.131946 26.844236
SPITZER_I2_61241344_0004_0000_1_clean.fits 143.616 104.155 277.131969 26.844219
SPITZER_I2_61241344_0005_0000_1_clean.fits 112.117 140.654 277.131961 26.844233
SPITZER_I2_61241344_0006_0000_1_clean.fits 127.662 133.534 277.131943 26.844233
SPITZER_I2_61241344_0007_0000_1_clean.fits 143.288 148.966 277.131983 26.844232
SPITZER_I2_61241344_0008_0000_1_clean.fits 137.623 115.429 277.131954 26.844215
SPITZER_I2_61241344_0009_0000_1_clean.fits 129.586 118.870 277.131964 26.844223
SPITZER_I2_61245440_0001_0000_1_clean.fits 162.954 145.940 277.131943 26.844220
SPITZER_I2_61245440_0002_0000_1_clean.fits 158.731 122.261 277.131963 26.844223
SPITZER_I2_61245440_0003_0000_1_clean.fits 119.495 161.313 277.131935 26.844236
SPITZER_I2_61245440_0004_0000_1_clean.fits 145.157 102.329 277.131931 26.844210
SPITZER_I2_61245440_0005_0000_1_clean.fits 113.694 139.176 277.131956 26.844242
SPITZER_I2_61245440_0006_0000_1_clean.fits 129.024 132.384 277.131932 26.844231
SPITZER_I2_61245440_0007_0000_1_clean.fits 144.453 148.027 277.131934 26.844239
SPITZER_I2_61245440_0008_0000_1_clean.fits 138.968 114.726 277.131942 26.844248
SPITZER_I2_61245440_0009_0000_1_clean.fits 130.938 118.203 277.131964 26.844235
SPITZER_I2_61245696_0001_0000_1_clean.fits 161.676 136.146 277.131903 26.844198
SPITZER_I2_61245696_0002_0000_1_clean.fits 157.606 112.454 277.131902 26.844195
SPITZER_I2_61245696_0003_0000_1_clean.fits 118.337 151.652 277.131883 26.844188
SPITZER_I2_61245696_0004_0000_1_clean.fits 144.123  92.462 277.131885 26.844198
SPITZER_I2_61245696_0005_0000_1_clean.fits 112.603 129.216 277.131914 26.844196
SPITZER_I2_61245696_0006_0000_1_clean.fits 127.921 122.422 277.131929 26.844209
SPITZER_I2_61245696_0007_0000_1_clean.fits 143.309 138.099 277.131883 26.844204
SPITZER_I2_61245696_0008_0000_1_clean.fits 137.797 104.577 277.131917 26.844194
SPITZER_I2_61245696_0009_0000_1_clean.fits 129.793 108.083 277.131901 26.844189
SPITZER_I2_61245952_0001_0000_1_clean.fits 159.170 135.748 277.131890 26.844199
SPITZER_I2_61245952_0002_0000_1_clean.fits 154.953 112.193 277.131834 26.844170
SPITZER_I2_61245952_0003_0000_1_clean.fits 115.823 151.256 277.131856 26.844143
SPITZER_I2_61245952_0004_0000_1_clean.fits 141.470  92.010 277.131887 26.844194
SPITZER_I2_61245952_0005_0000_1_clean.fits 109.967 128.774 277.131886 26.844171
SPITZER_I2_61245952_0006_0000_1_clean.fits 125.257 121.966 277.131885 26.844191
SPITZER_I2_61245952_0007_0000_1_clean.fits 140.856 137.607 277.131901 26.844145
SPITZER_I2_61245952_0008_0000_1_clean.fits 135.152 104.142 277.131887 26.844176
SPITZER_I2_61245952_0009_0000_1_clean.fits 127.117 107.493 277.131904 26.844184
SPITZER_I2_61246208_0001_0000_1_clean.fits 157.522 135.815 277.131853 26.844156
SPITZER_I2_61246208_0002_0000_1_clean.fits 153.519 112.223 277.131806 26.844118
SPITZER_I2_61246208_0003_0000_1_clean.fits 114.102 151.110 277.131865 26.844164
SPITZER_I2_61246208_0004_0000_1_clean.fits 139.759  92.008 277.131845 26.844187
SPITZER_I2_61246208_0005_0000_1_clean.fits 108.247 128.681 277.131857 26.844146
SPITZER_I2_61246208_0006_0000_1_clean.fits 123.488 121.797 277.131851 26.844182
SPITZER_I2_61246208_0007_0000_1_clean.fits 138.936 137.270 277.131877 26.844168
SPITZER_I2_61246208_0008_0000_1_clean.fits 133.314 103.821 277.131855 26.844172
SPITZER_I2_61246208_0009_0000_1_clean.fits 125.349 107.178 277.131869 26.844161
SPITZER_I2_61246464_0001_0000_1_clean.fits 158.456 147.549 277.131653 26.844148
SPITZER_I2_61246464_0002_0000_1_clean.fits 154.289 123.812 277.131647 26.844153
SPITZER_I2_61246464_0003_0000_1_clean.fits 115.022 162.998 277.131682 26.844142
SPITZER_I2_61246464_0004_0000_1_clean.fits 140.850 103.850 277.131649 26.844174
SPITZER_I2_61246464_0005_0000_1_clean.fits 109.302 140.581 277.131662 26.844187
SPITZER_I2_61246464_0007_0000_1_clean.fits 140.091 149.421 277.131649 26.844160
SPITZER_I2_61246464_0008_0000_1_clean.fits 134.542 116.014 277.131648 26.844150
SPITZER_I2_61246464_0009_0000_1_clean.fits 126.573 119.349 277.131629 26.844147
SPITZER_I2_61246720_0001_0000_1_clean.fits 160.404 146.650 277.131636 26.844163
SPITZER_I2_61246720_0002_0000_1_clean.fits 156.288 122.985 277.131643 26.844150
SPITZER_I2_61246720_0003_0000_1_clean.fits 116.921 162.048 277.131590 26.844174
SPITZER_I2_61246720_0004_0000_1_clean.fits 142.599 103.169 277.131633 26.844187
SPITZER_I2_61246720_0005_0000_1_clean.fits 110.830 139.971 277.131639 26.844176
SPITZER_I2_61246720_0006_0000_1_clean.fits 126.039 133.277 277.131622 26.844172
SPITZER_I2_61246720_0007_0000_1_clean.fits 141.416 149.056 277.131634 26.844165
SPITZER_I2_61246720_0008_0000_1_clean.fits 135.807 115.745 277.131633 26.844183
SPITZER_I2_61246720_0009_0000_1_clean.fits 127.663 119.258 277.131619 26.844193
SPITZER_I2_61246976_0001_0000_1_clean.fits 161.744 146.054 277.131634 26.844180
SPITZER_I2_61246976_0002_0000_1_clean.fits 157.557 122.311 277.131636 26.844168
SPITZER_I2_61246976_0003_0000_1_clean.fits 118.330 161.220 277.131588 26.844186
SPITZER_I2_61246976_0004_0000_1_clean.fits 144.047 102.230 277.131585 26.844159
SPITZER_I2_61246976_0005_0000_1_clean.fits 112.501 139.019 277.131633 26.844158
SPITZER_I2_61246976_0006_0000_1_clean.fits 127.902 132.180 277.131615 26.844167
SPITZER_I2_61246976_0007_0000_1_clean.fits 143.362 147.842 277.131618 26.844153
SPITZER_I2_61246976_0008_0000_1_clean.fits 137.933 114.328 277.131615 26.844200
SPITZER_I2_61246976_0009_0000_1_clean.fits 129.876 117.820 277.131640 26.844178
