# brutal_26_4k_15_128.png
array([  -0.00008509,   -0.00000007,   -0.00000006,    0.00008507,
       2087.90307046,  -78.41460288,   -0.0000851 ,    0.00000012,
          0.00000012,    0.00008509,  -96.21893991,  -69.57953514,
         -0.00008508,    0.00000006,    0.00000006,    0.00008509,
       2091.86392258, 2114.01640511,   -0.00008506,    0.00000014,
          0.00000014,    0.00008504,  -98.84631359, 2126.74299477,
        294.59392034,   35.11852497])

# brutal_26_4k_05_128.png
array([  -0.00008509,   -0.00000007,   -0.00000006,    0.00008507,
       2086.87781231,  -78.8703492 ,   -0.0000851 ,    0.00000012,
          0.00000012,    0.00008509,  -97.24101502,  -70.02564213,
         -0.00008508,    0.00000006,    0.00000006,    0.00008508,
       2090.83485735, 2113.57104046,   -0.00008506,    0.00000014,
          0.00000014,    0.00008504,  -99.87343895, 2126.29381604,
        294.59402696,   35.11848658])

# brutal_26par_w128_s6_n12000_t05.png
[  -0.00008509   -0.00000007   -0.00000006    0.00008507 2089.03836445
  -79.22017729   -0.0000851     0.00000012    0.00000012    0.00008509
  -95.08470111  -70.39048334   -0.00008508    0.00000006    0.00000006
    0.00008509 2092.99803193 2113.20725226   -0.00008506    0.00000014
    0.00000014    0.00008504  -97.71264853 2125.93581167  294.59380238
   35.11845627]


