
with thresh = 20.0, got
xnudges --> [0, 4, 43, 18, 49, 34, 18, 24, 32]
ynudges --> [0, 24, -15, 44, 7, 14, -1, 32, 28]

with thresh = 15.0, got
xnudges --> [0, 4, 43, 18, 49, 34, 18, 24, 32]
ynudges --> [0, 24, -15, 44, 7, 14, -1, 32, 28]

with thresh = 10.0, got
xnudges --> [0, 4, 43, 18, 49, 34, 18, 24, 32]
ynudges --> [0, 24, -15, 44, 7, 14, -1, 32, 28]

xnudges_20: [0, 4, 43, 18, 49, 34, 18, 24, 32]
xnudges_15: [0, 4, 43, 18, 49, 34, 18, 24, 32]
xnudges_10: [0, 4, 43, 18, 49, 34, 18, 24, 32]

ynudges_20: [0, 24, -15, 44, 7, 14, -1, 32, 28]
ynudges_15: [0, 24, -15, 44, 7, 14, -1, 32, 28]
ynudges_10: [0, 24, -15, 44, 7, 14, -1, 32, 28]



