11AQ15  NW        1.000113519     -0.002293529      0.002163192      1.000184185   2183.944307610     -8.608710419
11AQ15  SE        1.000008013     -0.001559541      0.001346093      1.000117201     -0.661640399  -2195.570133410
11AQ15  SW        0.999663469     -0.002503184      0.002415256      0.999618774   2192.016023593  -2204.138717980
11BQ02  NW        1.000106599     -0.002299980      0.002156723      1.000196413   2183.939652762     -8.617925688
11BQ02  SE        1.000013125     -0.001573615      0.001334052      1.000102214     -0.635545717  -2195.517880182
11BQ02  SW        0.999638568     -0.002506824      0.002416026      0.999598766   2192.040617661  -2204.107638214
11BQ05  NW        1.000125478     -0.002283033      0.002180880      1.000184322   2183.933839283     -8.603496782
11BQ05  SE        1.000009845     -0.001562076      0.001336625      1.000079592     -0.669931750  -2195.454134007
11BQ05  SW        0.999657299     -0.002505697      0.002440266      0.999596230   2192.020088473  -2204.064174464
12AQ05  NW        1.000102749     -0.002291683      0.002163795      1.000177626   2183.921961353     -8.611766682
12AQ05  SE        1.000026501     -0.001552625      0.001337196      1.000120806     -0.711883967  -2195.529593359
12AQ05  SW        0.999639905     -0.002504183      0.002432618      0.999610215   2191.996905425  -2204.109039719
12BQ01  NW        1.000110611     -0.002290381      0.002131347      1.000163151   2183.935125081     -8.584930573
12BQ01  SE        1.000007114     -0.001562713      0.001307230      1.000069007     -0.672799447  -2195.395638057
12BQ01  SW        0.999635841     -0.002476451      0.002416055      0.999578335   2191.941654689  -2204.078111963
12BQ03  NW        1.000111960     -0.002314351      0.002142441      1.000220577   2183.951612698     -8.650439626
12BQ03  SE        1.000054351     -0.001554973      0.001323439      1.000187781     -0.736847609  -2195.688664021
12BQ03  SW        0.999655314     -0.002507044      0.002422607      0.999664814   2192.034604070  -2204.284130743
12BQ06  NW        1.000106473     -0.002277717      0.002166082      1.000188271   2183.922525118     -8.608717004
12BQ06  SE        1.000011122     -0.001547161      0.001339446      1.000096519     -0.715957177  -2195.512840033
12BQ06  SW        0.999648570     -0.002491010      0.002442448      0.999603137   2191.954463799  -2204.108669106
13AQ06  NW        1.000113566     -0.002281542      0.002156103      1.000189737   2183.916892258     -8.619274315
13AQ06  SE        1.000029874     -0.001555705      0.001328036      1.000112375     -0.720342504  -2195.494964858
13AQ06  SW        0.999655196     -0.002513514      0.002427919      0.999612895   2191.993672497  -2204.105578110
13AQ12  NW        1.000095668     -0.002280084      0.002139972      1.000173247   2183.905695482     -8.602654478
13AQ12  SE        1.000016072     -0.001541948      0.001339150      1.000096963     -0.735382270  -2195.469079418
13AQ12  SW        0.999640048     -0.002502604      0.002410969      0.999604383   2191.947684756  -2204.069232581
13BQ06  NW        1.000117223     -0.002273348      0.002153452      1.000194490   2183.909758083     -8.622187494
13BQ06  SE        1.000026213     -0.001545536      0.001327434      1.000105778     -0.743319030  -2195.481118978
13BQ06  SW        0.999666116     -0.002515872      0.002413823      0.999613542   2191.974173057  -2204.097767659
14AQ08  NW        1.000122233     -0.002270264      0.002148991      1.000191941   2183.907216373     -8.622260410
14AQ08  SE        1.000015280     -0.001546208      0.001333504      1.000091905     -0.724056650  -2195.462045801
14AQ08  SW        0.999657239     -0.002503457      0.002422896      0.999595703   2191.957059858  -2204.087563909
14AQ12  NW        1.000148120     -0.002265010      0.002165067      1.000208915   2183.907778112     -8.631163829
14AQ12  SE        1.000019223     -0.001555168      0.001319468      1.000093525     -0.710572178  -2195.464039970
14AQ12  SW        0.999681244     -0.002512546      0.002421216      0.999600574   2191.987778309  -2204.099747031
14BQ06  NW        1.000154487     -0.002286760      0.002138354      1.000194901   2183.933407801     -8.625397637
14BQ06  SE        1.000025875     -0.001584457      0.001315168      1.000113140     -0.654562174  -2195.501238652
14BQ06  SW        0.999691822     -0.002537031      0.002416424      0.999623388   2192.051853150  -2204.164791533
15AQ07  NW        1.000126868     -0.002263259      0.002152739      1.000192730   2183.889904688     -8.629559499
15AQ07  SE        1.000022188     -0.001543640      0.001332610      1.000114920     -0.751043079  -2195.514483351
15AQ07  SW        0.999657193     -0.002513900      0.002431126      0.999614787   2191.975193868  -2204.130602288
15AQ09  NW        1.000114741     -0.002273583      0.002138887      1.000196945   2183.898646950     -8.631268880
15AQ09  SE        1.000027933     -0.001547492      0.001325445      1.000112005     -0.743913010  -2195.517306343
15AQ09  SW        0.999648398     -0.002511935      0.002421329      0.999614393   2191.969327678  -2204.142364145
15BQ04  NW        1.000106789     -0.002278127      0.002124596      1.000177851   2183.911960795     -8.616562721
15BQ04  SE        1.000018132     -0.001566521      0.001310983      1.000091906     -0.700782809  -2195.449713637
15BQ04  SW        0.999649803     -0.002511550      0.002425490      0.999597060   2191.970210754  -2204.125845128
15BQ09  NW        1.000086390     -0.002252983      0.002159461      1.000177649   2183.859507087     -8.620206901
15BQ09  SE        1.000015077     -0.001536053      0.001339379      1.000048856     -0.768961830  -2195.365257290
15BQ09  SW        0.999608119     -0.002492103      0.002446036      0.999546975   2191.887301007  -2203.970617718
16AQ10  NW        1.000104460     -0.002248593      0.002171381      1.000181545   2183.869257423     -8.620092758
16AQ10  SE        1.000007407     -0.001530741      0.001337840      1.000062130     -0.760076836  -2195.416482724
16AQ10  SW        0.999655305     -0.002509449      0.002435932      0.999583243   2191.906526841  -2204.038406008
16AQ14  NW        1.000116770     -0.002261499      0.002155852      1.000188183   2183.878824162     -8.623965958
16AQ14  SE        1.000017653     -0.001543092      0.001328640      1.000108895     -0.751443950  -2195.475387499
16AQ14  SW        0.999657601     -0.002514961      0.002436554      0.999604154   2191.946630431  -2204.099267667
16AQ19  NW        1.000139918     -0.002268058      0.002147197      1.000196060   2183.898982719     -8.635015249
16AQ19  SE        1.000024763     -0.001549212      0.001319593      1.000124980     -0.744504331  -2195.513352423
16AQ19  SW        0.999675902     -0.002517238      0.002433437      0.999621933   2191.970081906  -2204.161799885
16BQ03  NW        1.000099212     -0.002256515      0.002146151      1.000188007   2183.880872669     -8.624777143
16BQ03  SE        1.000021577     -0.001544014      0.001321664      1.000105146     -0.751476178  -2195.462373603
16BQ03  SW        0.999651926     -0.002521018      0.002418936      0.999615493   2191.937060188  -2204.123773447
16BQ06  NW        1.000137275     -0.002257097      0.002152391      1.000198254   2183.878454066     -8.637260823
16BQ06  SE        1.000021446     -0.001546417      0.001324179      1.000112653     -0.748704339  -2195.482812080
16BQ06  SW        0.999669369     -0.002515523      0.002430402      0.999611641   2191.954208743  -2204.125838193
16BQ11  NW        1.000133676     -0.002268600      0.002145217      1.000193956   2183.899848620     -8.630132243
16BQ11  SE        1.000037300     -0.001549993      0.001320903      1.000095778     -0.756748052  -2195.462027739
16BQ11  SW        0.999659871     -0.002517317      0.002428049      0.999589073   2191.972611432  -2204.101244112
17AQ07  NW        1.000129699     -0.002253370      0.002138654      1.000185636   2183.822563424     -8.623228974
17AQ07  SE        1.000019575     -0.001540973      0.001312963      1.000134843     -0.765860830  -2195.470412940
17AQ07  SW        0.999635776     -0.002526940      0.002409909      0.999634312   2191.932502819  -2204.134133727
17AQ12  NW        1.000131545     -0.002253868      0.002153921      1.000197239   2183.855888596     -8.628040060
17AQ12  SE        1.000026733     -0.001543373      0.001326026      1.000107116     -0.766171147  -2195.437251314
17AQ12  SW        0.999654957     -0.002512811      0.002438964      0.999609665   2191.928574657  -2204.083137891
17AQ15  NW        1.000131889     -0.002247405      0.002164290      1.000198785   2183.855170892     -8.633846181
17AQ15  SE        1.000019965     -0.001542488      0.001328423      1.000089356     -0.759164980  -2195.398139635
17AQ15  SW        0.999658163     -0.002513146      0.002437134      0.999598432   2191.924028964  -2204.039389642
17BQ03  NW        1.000170978     -0.002256458      0.002140157      1.000211157   2183.888199967     -8.648895542
17BQ03  SE        1.000040701     -0.001560703      0.001300322      1.000129203     -0.745900608  -2195.493264325
17BQ03  SW        0.999703452     -0.002519558      0.002427638      0.999642352   2191.970028263  -2204.199631450
17BQ07  NW        1.000123575     -0.002277583      0.002156325      1.000206081   2183.898787996     -8.642491500
17BQ07  SE        1.000036112     -0.001535082      0.001301338      1.000113933     -0.793742755  -2195.467551464
17BQ07  SW        0.999678219     -0.002531310      0.002434053      0.999627799   2191.975807294  -2204.160641953
18AQ05  NW        1.000121145     -0.002266679      0.002169924      1.000186978   2183.880536287     -8.614475175
18AQ05  SE        1.000044464     -0.001518566      0.001304493      1.000060160     -0.823678380  -2195.377370205
18AQ05  SW        0.999678670     -0.002533493      0.002450702      0.999594336   2191.968241331  -2204.042805743
18AQ11  NW        1.000156016     -0.002288296      0.002175310      1.000227911   2183.914925284     -8.659843798
18AQ11  SE        1.000060208     -0.001564110      0.001315755      1.000093036     -0.734982060  -2195.458353015
18AQ11  SW        0.999742098     -0.002546502      0.002427372      0.999580590   2192.021897959  -2204.076643606
18AQ15  NW        1.000162205     -0.002278984      0.002183630      1.000196155   2183.883180376     -8.633404990
18AQ15  SE        1.000061384     -0.001508453      0.001350664      1.000108111     -0.846782645  -2195.476252986
18AQ15  SW        0.999723890     -0.002533498      0.002454017      0.999607992   2191.965564317  -2204.094501035
18BQ04  NW        1.000125999     -0.002230017      0.002166816      1.000207093   2183.864902718     -8.638778142
18BQ04  SE        1.000018882     -0.001491754      0.001288238      1.000014664     -0.842850798  -2195.314403065
18BQ04  SW        0.999670020     -0.002502021      0.002434604      0.999576672   2191.889555892  -2204.018509881
18BQ07  NW        1.000194951     -0.002274287      0.002165179      1.000226715   2183.900593556     -8.668806416
18BQ07  SE        1.000052012     -0.001545828      0.001300321      1.000071418     -0.765793383  -2195.387883204
18BQ07  SW        0.999785183     -0.002519599      0.002409777      0.999571094   2191.941793446  -2204.060889845
18BQ18  NW        1.000197685     -0.002254331      0.002183626      1.000229546   2183.871645852     -8.662962697
18BQ18  SE        1.000033604     -0.001550364      0.001296420      1.000049324     -0.748703996  -2195.338891716
18BQ18  SW        0.999767434     -0.002539946      0.002416035      0.999542102   2191.942583135  -2204.000162083
19AQ11  NW        1.000113540     -0.002239857      0.002173655      1.000203809   2183.865098373     -8.650078135
19AQ11  SE        1.000031603     -0.001513229      0.001294747      1.000051559     -0.827785265  -2195.381071762
19AQ11  SW        0.999660922     -0.002524753      0.002441016      0.999599414   2191.942618989  -2204.090930733
19BQ08  NW        1.000089705     -0.002277075      0.002136429      1.000197155   2183.912719656     -8.643509621
19BQ08  SE        1.000054678     -0.001510999      0.001287391      1.000070404     -0.847936730  -2195.406723136
19BQ08  SW        0.999643191     -0.002517956      0.002440300      0.999588468   2191.951687032  -2204.105294674
20BQ03  NW        1.000266824     -0.002218932      0.002177949      1.000250575   2183.835993491     -8.688428303
20BQ03  SE        1.000031660     -0.001554727      0.001258365      1.000002062     -0.747549336  -2195.159037853
20BQ03  SW        0.999791762     -0.002541013      0.002348277      0.999497804   2191.909891217  -2203.907703957
21AQ13  NW        1.000170421     -0.002250217      0.002155466      1.000212039   2183.864273627     -8.650710784
21AQ13  SE        1.000039177     -0.001509265      0.001284732      1.000071531     -0.843621518  -2195.373681257
21AQ13  SW        0.999706255     -0.002527863      0.002449369      0.999609551   2191.940140666  -2204.123564716
21AQ18  NW        1.000105752     -0.002199419      0.002161351      1.000215646   2183.831400352     -8.648807811
21AQ18  SE        1.000025960     -0.001456156      0.001275425      0.999978513     -0.917998647  -2195.253728625
21AQ18  SW        0.999669148     -0.002511132      0.002463369      0.999555181   2191.848101033  -2203.994781957
22AQ16  NW        1.000134772     -0.002238706      0.002131575      1.000200381   2183.840205930     -8.637459792
22AQ16  SE        1.000037723     -0.001492076      0.001261684      1.000072906     -0.890290866  -2195.392490412
22AQ16  SW        0.999692334     -0.002525849      0.002443247      0.999650444   2191.870256047  -2204.215411244
22BQ02  NW        1.000171857     -0.002235845      0.002164291      1.000211790   2183.855074576     -8.653997162
22BQ02  SE        1.000023784     -0.001557617      0.001275251      1.000039561     -0.765552957  -2195.285205806
22BQ02  SW        0.999740146     -0.002531567      0.002440661      0.999537774   2191.874747983  -2204.029238141
23AQ21  NW        1.000153238     -0.002244776      0.002179572      1.000197601   2183.826958664     -8.645792510
23AQ21  SE        1.000041099     -0.001498600      0.001328943      1.000083518     -0.904815937  -2195.413121175
23AQ21  SW        0.999699806     -0.002519431      0.002472116      0.999576762   2191.843737086  -2204.069995335
